1613471237 1613471363
1613471384 1613471385
1613471387 1613471388
1613471389 1613471390
1613471394 1613481560
1613498431 1613498432
1613560276 1613580673
1613580675 1613585065
1613585295 1613585297
1613585307 1613585308
1613585875 1613585881
1613641504 1613643042
1613654517 1613654518
1613654525 1613656354
1613656482 1613657833
1613658518 1613658661
1613664255 1613675858
1613722756 1613724189
1613727837 1613731069
1613735736 1613739919
1613740229 1613740236
1613740547 1613741668
1613748917 1613752584
1613752865 1613753507
1613754727 1613755167
1613758536 1613761656
1613766596 1613767830
1613818475 1613820247
1613820607 1613821249
1613821309 1613825213
1613825348 1613825518
1613826626 1613828800
1613828969 1613831503
1613835461 1613835470
1613835480 1613835482
1613835572 1613835577
1613835595 1613835604
1613835619 1613835622
1613835684 1613835687
1613835706 1613835707
1613835808 1613835811
1613835829 1613835830
1613835947 1613835949
1613835954 1613835958
1613835969 1613835970
1613836106 1613836107
1613836110 1613836115
1613836117 1613836118
1613836144 1613836145
1613836155 1613836155
1613836235 1613836237
1613835759 1613836426
1613836457 1613836458
1613836472 1613836857
1613836896 1613836897
1613836931 1613836933
1613836956 1613836961
1613836996 1613836998
1613837008 1613837010
1613837111 1613837118
1613837187 1613837188
1613837191 1613837192
1613837196 1613837197
1613837228 1613837230
1613837248 1613837250
1613837260 1613837261
1613837285 1613837286
1613837400 1613837401
1613837403 1613837405
1613837456 1613837457
1613837459 1613837460
1613837484 1613837484
1613837512 1613838199
1613838418 1613839556
1613840244 1613842789
1613843307 1613846103
1613847174 1613847689
1613858241 1613858274
1613908297 1613910044
1613911286 1613914507
1613915450 1613916112
1613922172 1613923750
1613924048 1613928658
1613931532 1613935883
1613991046 1613993435
1613993470 1613996847
1614001692 1614003911
1614004909 1614007087
1614007967 1614011771
1614011776 1614014476
1614016892 1614021570
1614021783 1614021799
1614021919 1614022101
1614022695 1614024578
1614025559 1614028250
1614028878 1614029388
1614029504 1614029505
1614029545 1614029546
1614029584 1614029585
1614029767 1614029769
1614029793 1614032270
1614066862 1614070322
1614070327 1614074538
1614074769 1614078828
1614080512 1614081894
1614082739 1614083465
1614083897 1614084534
1614086164 1614094977
1614098916 1614103012
1614103075 1614105204
1614105215 1614109890
1614111305 1614112016
1614160126 1614171674
1614176137 1614176512
1614178003 1614178998
1614179685 1614186832
1614186948 1614192968
1614203433 1614206546
1614246527 1614257106
1614259040 1614262888
1614267628 1614273445
1614341550 1614342721
1614343173 1614346905
1614349449 1614351758
1614354025 1614355516
1614356032 1614362511
1614428776 1614429572
1614429574 1614431419
1614437763 1614438481
1614438486 1614441303
1614441357 1614442550
1614449262 1614451921
1614469884 1614469885
1614513278 1614513492
1614514251 1614515685
1614516179 1614517163
1614518513 1614518821
1614524942 1614525845
1614596020 1614603812
1614608213 1614614714
1614614721 1614615334
1614615664 1614619980
1614621312 1614624989
1614625257 1614626553
1614642193 1614644998
1614670658 1614680026
1614680074 1614683892
1614684934 1614688926
1614689714 1614690333
1614691013 1614691864
1614697337 1614698805
1614698877 1614706189
1614706847 1614708542
1614713573 1614714812
1614758813 1614764091
1614764895 1614766694
1614768000 1614769944
1614770903 1614771608
1614772740 1614772834
1614772864 1614773171
1614852501 1614860021
1614860084 1614863089
1614868760 1614869967
1614869971 1614881073
1614883739 1614885160
1614885282 1614886698
1614898415 1614901619
1614935908 1614940248
1614940256 1614949489
1614950980 1614951971
1614956920 1614963981
1614965699 1614965706
1614969784 1614972961
1614973811 1614974748
1614978242 1614978729
1614978789 1614979280
1615030192 1615030198
1615030204 1615034251
1615034851 1615035350
1615036675 1615038121
1615042004 1615043568
1615043660 1615044161
1615044168 1615055536
1615055944 1615056891
1615057830 1615060450
1615111488 1615112172
1615112232 1615116629
1615117161 1615120318
1615120335 1615120338
1615122177 1615124841
1615129794 1615131381
1615131389 1615141534
1615141789 1615142812
1615145453 1615147204
1615154208 1615156348
1615157010 1615157315
1615157566 1615158377
1615158428 1615161384
1615190954 1615193369
1615194613 1615197636
1615197716 1615201286
1615201844 1615203563
1615203667 1615207651
1615208568 1615209032
1615218214 1615223787
1615224313 1615226837
1615232888 1615234180
1615240086 1615244935
1615244979 1615244980
1615244991 1615244992
1615244999 1615245893
1615285288 1615293030
1615301086 1615302625
1615318446 1615319006
1615319600 1615322995
1615370967 1615375129
1615375137 1615379430
1615386271 1615389258
1615389949 1615390063
1615390092 1615390209
1615393954 1615400030
1615455896 1615461620
1615462739 1615463034
1615463040 1615467458
1615470488 1615471817
1615474037 1615481134
1615481970 1615484343
1615490683 1615492043
1615492668 1615493101
1615495692 1615496300
1615534425 1615540878
1615541151 1615541458
1615543282 1615545898
1615547465 1615552318
1615552351 1615553172
1615554697 1615555063
1615562990 1615563985
1615564026 1615567226
1615569312 1615570141
1615570962 1615573906
1615574059 1615576405
1615631060 1615631533
1615632383 1615632495
1615632878 1615633629
1615633652 1615636050
1615637148 1615638258
1615721374 1615722636
1615723427 1615733121
1615733637 1615738787
1615743726 1615744851
1615745147 1615745151
1615745189 1615746483
1615746530 1615750759
1615758182 1615761827
1615762151 1615764012
1615798932 1615800303
1615800933 1615805251
1615806286 1615810833
1615811310 1615813534
1615817759 1615819107
1615819125 1615821091
1615821200 1615821603
1615824422 1615827887
1615842963 1615845137
1615847130 1615853592
1615885583 1615891470
1615892197 1615893431
1615895166 1615897913
1615908226 1615910130
1615912845 1615913632
1615913831 1615916628
1615916677 1615919567
1615920423 1615920498
1615969044 1615971108
1615972213 1615976523
1615976723 1615976761
1615976765 1615978946
1615979330 1615983840
1615983874 1615985303
1615993748 1615999349
1616068582 1616074123
1616078010 1616084626
1616092140 1616094693
1616099598 1616099898
1616103366 1616106043
1616106220 1616110867
1616111135 1616113375
1616143964 1616149521
1616149524 1616150181
1616150247 1616150702
1616153248 1616158480
1616158700 1616158793
1616165755 1616166299
1616166343 1616167595
1616167609 1616168231
1616229281 1616230770
1616231723 1616234463
1616235828 1616236672
1616239678 1616244627
1616329158 1616329724
1616406443 1616408702
1616409222 1616410208
1616410211 1616418420
1616420748 1616422062
1616423646 1616428084
1616428262 1616436086
1616436089 1616436612
1616437903 1616438529
1616448939 1616454826
1616454830 1616460687
1616492912 1616502659
1616503613 1616504251
1616504373 1616504375
1616514001 1616514394
1616514431 1616516841
1616517089 1616518544
1616518634 1616518997
1616522095 1616522714
1616522866 1616529936
1616533112 1616536258
1616577858 1616582512
1616582733 1616585547
1616589373 1616602032
1616680086 1616685872
1616685874 1616686803
1616690615 1616695127
1616697937 1616701332
1616701454 1616703189
1616707715 1616716817
1616718200 1616723909
1616747594 1616751015
1616751775 1616751801
1616751928 1616752494
1616752787 1616759631
1616759702 1616761505
1616763799 1616770871
1616771438 1616775035
1616782247 1616804909
1616848764 1616851278
1616852150 1616857864
1616862667 1616864721
1616869166 1616871544
1616874116 1616879172
1616879180 1616879180
1616938595 1616942508
1616942826 1616944482
1616944668 1616953414
1616956045 1616964526
1617004674 1617007546
1617007550 1617013505
1617016339 1617023586
1617026308 1617026917
1617029449 1617030999
1617031241 1617032604
1617033248 1617037597
1617047688 1617049013
1617101080 1617101701
1617105652 1617109127
1617109461 1617112634
1617115580 1617120265
1617123597 1617126361
1617127505 1617129150
1617131611 1617134228
1617139890 1617146542
1617157200 1617159373
1617159375 1617169340
1617169347 1617173853
1617175358 1617179414
1617179432 1617181507
1617182016 1617185468
1617185471 1617190992
1617193565 1617194352
1617267555 1617272051
1617272272 1617272423
1617272812 1617280573
1617285879 1617285880
1617286111 1617286932
1617287122 1617287636
1617287762 1617288962
1617296946 1617298616
1617299170 1617299901
1617301278 1617310194
1617319303 1617325198
1617360850 1617369604
1617375844 1617384314
1617388931 1617393868
1617446364 1617449417
1617449754 1617458508
1617462789 1617462791
1617462794 1617467934
1617471110 1617472947
1617473981 1617480629
1617521888 1617527241
1617527300 1617528098
1617528442 1617531344
1617611696 1617631800
1617631969 1617633598
1617637119 1617644245
1617696312 1617696329
1617698384 1617717325
1617730539 1617734174
1617776728 1617786167
1617786367 1617789428
1617792802 1617795757
1617801133 1617802696
1617806418 1617809481
1617809632 1617814351
1617817997 1617818685
1617824818 1617826105
1617864479 1617875948
1617877298 1617878601
1617879819 1617883905
1617890855 1617900991
1617904544 1617906111
1617907685 1617911016
1617948715 1617962408
1617962787 1617963278
1617963593 1617967124
1617968160 1617968264
1617968755 1617969431
1617970303 1617971004
1617982393 1617984361
1617995411 1617997040
1618047743 1618047820
1618048477 1618052342
1618066655 1618075675
1618135869 1618137826
1618138771 1618145250
1618148797 1618159406
1618167666 1618175613
1618207508 1618215111
1618215845 1618221860
1618234565 1618236346
1618298902 1618310247
1618387132 1618391212
1618392232 1618392882
1618394375 1618396150
1618396157 1618398193
1618398232 1618399064
1618399117 1618399467
1618399936 1618401179
1618408787 1618410612
1618413011 1618417049
1618417290 1618419334
1618419476 1618420544
1618421307 1618422447
1618425281 1618427425
1618427429 1618428294
1618481488 1618487250
1618491100 1618492741
1618492744 1618497432
1618502030 1618502031
1618502034 1618506426
1618509333 1618512673
1618521770 1618523593
1618562480 1618567904
1618570928 1618573718
1618574464 1618574720
1618582428 1618588231
1618601311 1618603859
1618750760 1618759612
1618768194 1618768199
1618768242 1618768243
1618768278 1618768279
1618768305 1618768311
1618768408 1618768413
1618768499 1618768501
1618768548 1618768550
1618768707 1618768708
1618768778 1618768786
1618768793 1618768794
1618767076 1618768798
1618768802 1618769094
1618770609 1618772698
1618817885 1618820383
1618820402 1618820583
1618820866 1618823177
1618823617 1618831401
1618831442 1618831492
1618842943 1618845107
1618847486 1618850008
1618851777 1618853130
1618856230 1618858945
1618858970 1618859207
1618866845 1618876923
1618904257 1618905106
1618905168 1618905179
1618905194 1618905194
1618905345 1618911680
1618911767 1618912443
1618912841 1618916207
1618916228 1618917075
1618923877 1618927397
1618929102 1618933169
1618933727 1618936296
1618936505 1618937813
1618937952 1618938251
1618939404 1618940742
1618941152 1618943650
1618961328 1618965128
1618993607 1619002007
1619003578 1619007195
1619014838 1619016474
1619016775 1619018935
1619019029 1619021132
1619021264 1619024477
1619026419 1619029910
1619030756 1619030840
1619031226 1619032332
1619079976 1619085043
1619085119 1619087139
1619087251 1619089982
1619090567 1619093928
1619096620 1619100074
1619100930 1619102293
1619103812 1619107116
1619107951 1619108199
1619108643 1619113295
1619113621 1619116178
1619116216 1619116603
1619128167 1619133147
1619162655 1619173575
1619173602 1619175794
1619176966 1619177271
1619177760 1619178666
1619183575 1619189264
1619189620 1619192003
1619192787 1619193882
1619195389 1619195946
1619196851 1619198265
1619253208 1619257011
1619261668 1619267198
1619334878 1619335890
1619357190 1619359302
1619360743 1619363392
1619363401 1619365602
1619367009 1619370042
1619370501 1619370511
1619370513 1619370523
1619370621 1619375434
1619376120 1619378965
1619379167 1619380474
1619425433 1619428272
1619428356 1619429789
1619431849 1619434886
1619437080 1619438960
1619441065 1619446190
1619446253 1619447482
1619447714 1619449720
1619449756 1619452903
1619455547 1619459045
1619511233 1619517598
1619518074 1619518208
1619518275 1619519694
1619519901 1619522031
1619522787 1619523802
1619529615 1619533636
1619535792 1619537654
1619537691 1619537693
1619538105 1619541964
1619548363 1619550388
1619550554 1619551196
1619592899 1619596656
1619596679 1619598640
1619598849 1619604604
1619604750 1619605697
1619608523 1619608692
1619608694 1619610563
1619615224 1619615696
1619616519 1619619334
1619619338 1619621018
1619626146 1619626150
1619626503 1619628151
1619641041 1619643285
1619677951 1619687956
1619688536 1619693299
1619693954 1619698823
1619702305 1619704638
1619705639 1619705640
1619706151 1619707304
1619707540 1619712794
1619714845 1619715868
1619774592 1619781997
1619782008 1619783115
1619783274 1619785166
1619792919 1619794380
1619794679 1619801433
1619801462 1619801616
1619801783 1619802799
1619802885 1619805138
1619807413 1619810469
1619811185 1619814511
1619817862 1619818846
1619953533 1619956127
1619962424 1619963717
1619964804 1619969038
1619970725 1619974608
1619975450 1619977936
1619979220 1619979934
1619988493 1619989877
1620037119 1620044206
1620045003 1620045183
1620053323 1620054454
1620054457 1620055516
1620056538 1620057010
1620057087 1620065869
1620113031 1620124786
1620126944 1620128756
1620129857 1620130330
1620130352 1620131398
1620143214 1620145193
1620146967 1620149276
1620151729 1620152287
1620153112 1620156181
1620156220 1620157453
1620195748 1620199362
1620203551 1620208297
1620208788 1620210523
1620213260 1620213261
1620231665 1620232807
1620236052 1620236950
1620238253 1620238768
1620240136 1620243685
1620287920 1620295294
1620298420 1620301356
1620301577 1620302212
1620311742 1620313513
1620315005 1620322962
1620324963 1620326132
1620326600 1620328314
1620372680 1620376375
1620376381 1620382583
1620382970 1620387067
1620387630 1620388889
1620395696 1620401231
1620402096 1620405628
1620469147 1620472343
1620479357 1620482930
1620483759 1620488276
1620499259 1620501896
1620502879 1620505683
1620556238 1620567822
1620569455 1620570675
1620571287 1620572746
1620573201 1620573936
1620589940 1620590462
1620591974 1620593766
1620598902 1620598903
1620598906 1620603133
1620634338 1620636161
1620638264 1620643850
1620648075 1620651007
1620651401 1620651402
1620652762 1620653305
1620653529 1620655196
1620655246 1620655545
1620655725 1620657701
1620657923 1620661912
1620663506 1620664660
1620664684 1620665708
1620665757 1620667593
1620667766 1620668055
1620668650 1620669879
1620713888 1620716431
1620716759 1620723100
1620723411 1620725075
1620725186 1620726712
1620727417 1620732444
1620738174 1620741968
1620743101 1620744993
1620749005 1620752858
1620809258 1620810259
1620810425 1620811130
1620811345 1620814681
1620814792 1620821110
1620825168 1620825896
1620829202 1620830508
1620833031 1620833125
1620833384 1620834380
1620834465 1620834694
1620835056 1620835966
1620836766 1620838897
1620849110 1620854083
1620897508 1620904704
1620904846 1620907276
1620919071 1620920495
1620920667 1620923112
1620924705 1620924793
1620924835 1620926475
1620930075 1620930562
1620941225 1620942284
1620983040 1620992862
1620994144 1620994698
1620997959 1620998227
1620998463 1621002417
1621033969 1621033970
1621065787 1621070949
1621168274 1621172834
1621172996 1621174451
1621184189 1621187367
1621187498 1621190065
1621191925 1621193261
1621195881 1621196381
1621202442 1621209218
1621209244 1621210749
1621213208 1621214423
1621244248 1621247350
1621248272 1621251285
1621251860 1621253088
1621256591 1621257536
1621258005 1621261089
1621261565 1621264850
1621266019 1621268338
1621268492 1621270927
1621277629 1621278570
1621329831 1621336453
1621341072 1621344261
1621344650 1621345850
1621346007 1621346451
1621351146 1621355140
1621364798 1621365112
1621369592 1621374647
1621422263 1621422503
1621422661 1621430106
1621435468 1621437365
1621437369 1621438952
1621439706 1621441344
1621441692 1621443030
1621443806 1621449336
1621509539 1621515233
1621515397 1621517533
1621517615 1621523191
1621523208 1621524187
1621528897 1621532053
1621532128 1621533933
1621544874 1621549303
1621556539 1621559016
1621588503 1621594209
1621594718 1621597627
1621607281 1621610848
1621617420 1621623073
1621841796 1621844811
1621848719 1621854093
1621854231 1621855659
1621855751 1621857407
1621857415 1621857415
1621867767 1621867768
1621868197 1621871277
1621871280 1621871281
1621871815 1621871981
1621872690 1621874828
1621875338 1621876262
1621934600 1621937189
1621937192 1621941865
1621942187 1621942947
1621945347 1621947543
1621959074 1621959626
1621959628 1621963942
1621964552 1621964813
1621967980 1621968971
1621972771 1621973869
1622022615 1622035579
1622038774 1622040681
1622041037 1622041043
1622055678 1622057937
1622058047 1622058718
1622103972 1622104897
1622113349 1622118614
1622118618 1622123383
1622143368 1622146455
1622147169 1622147266
1622163670 1622165135
1622184944 1622192614
1622194897 1622197014
1622210093 1622216030
1622217552 1622220748
1622226620 1622228631
1622242599 1622248377
1622279756 1622288873
1622292141 1622292142
1622292145 1622297563
1622301872 1622307744
1622309939 1622309939
1622377674 1622380957
1622383876 1622385811
1622386283 1622391685
1622395779 1622395779
1622395782 1622398236
1622398248 1622398249
1622398288 1622398289
1622398740 1622398741
1622398982 1622401393
1622402684 1622402684
1622421858 1622424511
1622458717 1622465290
1622466274 1622467749
1622473812 1622476189
1622477994 1622478668
1622478749 1622480191
1622495435 1622495607
1622495936 1622497052
1622500873 1622503156
1622531984 1622532013
1622532135 1622538364
1622541533 1622548746
1622553174 1622560009
1622560335 1622561818
1622563165 1622565754
1622567110 1622569389
1622625679 1622634359
1622634512 1622640471
1622642963 1622645221
1622657421 1622659475
1622659599 1622659718
1622664227 1622675963
1622675966 1622679781
1622717930 1622723061
1622725388 1622726395
1622726469 1622727584
1622728977 1622737398
1622738342 1622742905
1622798078 1622801287
1622801661 1622807372
1622811408 1622811500
1622813095 1622817865
1622818305 1622819242
1622824729 1622830031
1622831234 1622832816
1622892413 1622892520
1622892154 1622892522
1622892527 1622892527
1622892532 1622892533
1622892535 1622896852
1622897266 1622897476
1622897901 1622900307
1622904794 1622906702
1622906725 1622912872
1622913762 1622914203
1622914261 1622914434
1622917129 1622917642
1622918268 1622918682
1622936622 1622937570
1622977253 1622980556
1622980560 1622985700
1622999082 1622999875
1623002256 1623006659
1623024356 1623028763
1623059553 1623071928
1623072555 1623074545
1623080343 1623088595
1623107981 1623109247
1623112276 1623116241
1623144664 1623151250
1623151601 1623152250
1623152500 1623152530
1623157513 1623157513
1623158958 1623162475
1623162551 1623163763
1623168164 1623168234
1623170623 1623176188
